      2 10092
      2 10139
      4 1018
      1 10200
      3 10299
      1 10314
      2 10325
      2 10467
      2 10564
      2 10620
      4 10791
      4 11107
      3 1116
      2 11369
      1 1139
      2 11449
      2 11583
      2 11771
      2 11868
      2 11934
      3 11971
      5 12048
      3 12102
      2 12130
      1 12198
      2 12208
     28 12296
      2 12323
      7 12402
      2 12490
      2 12531
     15 12656
      1 12663
      3 12679
      2 13118
      6 13242
      2 13281
      2 13565
      3 13591
      1 13978
      1 13987
      1 14388
      1 14395
      2 14432
      2 14478
     10 14608
      4 14843
      4 14861
      2 14864
      6 15073
     16 15151
      2 15253
      4 15261
      8 15374
      2 15505
      1 15617
      3 15647
      4 15676
      2 15710
      2 15864
      2 16069
      5 16173
      1 16552
      4 16580
      4 16608
      3 16611
      2 16679
      8 16749
      4 16757
      1 16874
      2 17012
      2 17041
      2 17070
      2 17151
      7 17239
      2 17551
      2 17686
      9 17857
      4 18036
      3 18109
      2 18113
      1 18198
      2 18214
     17 18245
      1 1836
      2 18366
      1 18451
      2 18570
      2 1872
      6 18732
      2 1880
      3 18819
     58 18843
      2 18857
      2 18877
      5 18880
      1 19209
      2 19265
      2 19269
      4 19347
      2 19580
      6 20067
      2 2008
      2 20169
      2 20257
      1 20369
      1 20389
      2 20594
      2 20601
      2 20678
      2 20726
      1 20950
      1 21075
      2 21140
      1 21145
      2 21152
      4 21189
      4 2125
      2 21397
      2 21465
      2 21571
      5 21671
      1 217
      2 2181
      4 21829
      5 21866
      4 22035
      2 22079
      1 22085
      1 22391
      1 22401
      1 22511
      6 22685
      1 22809
      2 23044
      2 2306
      2 23288
      6 23335
      1 23487
      4 23615
      2 23724
      2 23821
      1 24000
      3 24096
      2 24185
      3 24274
      4 24332
     94 24351
      3 24491
      2 24915
      1 24973
      5 25186
      2 25309
      1 25320
      2 25374
      4 25435
      5 25471
      2 25630
      2 25695
      2 26337
      4 26378
      1 26497
      2 26538
      2 26588
      3 26613
      4 26645
      2 26670
      3 26733
      2 26786
      1 26858
      1 2692
     28 26954
      2 27143
      1 2715
      2 27419
      2 27426
      2 27473
      2 2756
      1 27677
      4 27838
      2 2791
      2 28147
      2 28163
      2 28252
      2 28318
      1 28334
      4 28386
      2 28575
      2 286
      2 28632
      2 28942
      3 29014
      2 29208
      2 2929
      4 29358
      6 29399
      3 2943
      2 29443
      4 29535
      8 29549
      2 29557
      2 29562
      2 29566
      2 29610
      2 29639
      2 29859
      2 2992
      1 29926
      4 29945
      2 29964
      4 30025
      4 30056
      2 30059
      6 30081
      2 3009
      3 30130
      6 30167
      2 30171
    114 30189
      6 30192
      8 30219
      2 30220
      2 30257
      8 30338
     14 30341
      4 30343
      2 30348
      2 30373
      4 30380
      2 30388
      4 30415
      2 30425
     22 30427
      6 30463
      2 30485
      6 30525
      4 30549
      6 30613
      2 30625
      4 30686
      2 30701
      8 30804
      2 30830
      3 30833
      2 30855
   2193 3089
      2 30910
      2 30925
      4 30978
      2 30991
      2 31013
      2 31017
      2 31102
      5 31111
      4 31149
      2 31153
      4 31170
      4 31193
      4 31213
      2 31258
     10 31310
      4 31327
      4 31347
      6 31351
      4 31360
      4 31364
      2 31369
      1 31373
      2 31375
      4 31446
      4 31448
      2 31452
      4 31502
      3 31510
      2 31518
      6 31521
      4 31546
      6 31662
     12 31724
      2 31768
      4 31872
      2 31941
      6 31981
      2 32009
      2 32024
      2 32036
      6 32059
      4 32092
      6 32103
      4 32107
      4 32113
      2 32140
      4 32143
      2 32180
      4 32194
      2 32196
      6 32314
      2 32344
      4 32382
      2 32428
      6 32492
      6 32558
      2 32584
      2 32605
      2 32662
      4 32666
      4 32678
      6 32710
      2 32746
     10 32757
      4 32797
     26 32852
      4 32888
      6 32894
      4 32896
      4 32905
      2 32930
      2 32935
      4 32942
      2 32954
      2 32958
      2 32968
      2 32981
      6 33011
      2 33642
      2 33643
      4 33645
     16 33646
      8 33648
      6 33650
      6 33651
      4 33653
     13 33656
      2 33658
      2 33659
     24 33661
      4 33662
      1 33663
      2 33664
      2 33665
    197 33666
      9 33667
      2 33670
      2 33672
      2 33673
     29 33675
      2 33676
      2 33677
      2 33680
      6 33681
      3 33683
      2 33685
      1 33686
      2 33687
      6 33688
      3 33689
      6 33690
      4 33693
      2 33695
      6 33696
      2 33699
      8 33704
     12 33705
      8 33706
      7 33707
     20 33708
     13 33709
     14 33710
      4 33711
     30 33712
      4 33715
     12 33717
      4 33718
     10 33720
      4 33723
      4 33726
      8 33728
      2 33730
      2 33731
     10 33733
      9 33740
      1 33741
      1 33742
      6 33745
      2 33746
      3 33748
      2 33749
      2 33752
      2 33754
      4 33755
      1 33756
      4 33758
      2 33759
      2 33760
      2 33762
     42 33766
      8 33769
     35 33772
     17 33774
      6 33775
     10 33776
     12 33777
     12 33778
     10 33779
      2 33780
      4 33782
      6 33783
      4 33784
      1 33785
      4 33788
      9 33792
     34 33794
      4 33797
      4 33798
      4 33800
      2 33801
     62 33802
     44 33804
     85 33806
      3 33807
      7 33808
      8 33809
      7 33811
     26 33813
      2 33814
     12 33817
      2 33819
     26 33820
      6 33823
      2 33829
      8 33831
      4 33834
     30 33837
      2 33838
      4 33840
      4 33841
      6 33842
      2 33843
      2 33845
      2 33846
     60 33847
      2 33848
      4 33849
      4 33850
      3 33852
      6 33853
      8 33854
      6 33855
      4 33859
     10 33860
      8 33862
      7 33864
      4 33869
      2 33870
      6 33871
      1 33872
      8 33874
      2 33878
      2 33879
     34 33880
      2 33882
      2 33886
     12 33887
      2 33888
     84 33889
      8 33890
     24 33891
     10 33892
     16 33899
      6 33901
      9 33902
      5 33903
     12 33904
      2 33906
      2 33907
      4 33909
      2 33911
     30 33913
      5 33914
     62 33915
     71 33917
      2 33918
     71 33919
      2 3392
      3 33920
      1 33921
     25 33924
     50 33925
      2 33927
     16 33928
      2 33930
      4 33931
      4 33934
     22 33935
      2 33937
      6 33938
      6 33940
     16 33942
     10 33944
     18 33945
      2 33946
      2 33949
      4 33950
     21 33951
     19 33952
      4 33959
    203 33960
      6 33961
      8 33962
      2 33963
     16 33964
      4 33965
    101 33966
     10 33967
      6 33969
      4 33970
     10 33971
      2 33974
      2 33976
      4 33977
     36 33978
      2 33980
      4 33981
      4 33982
     18 33983
     20 33984
      4 33985
     16 33988
     30 33990
     18 33991
      9 33992
      4 33993
      2 33994
     11 33995
     12 33996
      5 33998
     14 33999
      6 34002
      2 34003
      2 34005
      2 34006
     25 34007
      2 34008
      2 34009
    114 34010
      4 34011
      8 34012
      4 34015
     14 34016
     18 34017
      4 34018
     34 34020
     18 34022
      2 34023
     24 34026
      4 34027
     65 34029
      3 34030
      2 34031
      1 34034
      2 34037
      6 34038
     45 34039
      2 34040
     15 34041
      3 34042
      2 34045
      6 34048
     18 34050
      8 34051
     10 34053
      2 34058
      2 34059
      4 34060
      1 34061
     12 34063
     18 34067
     82 34068
      2 34069
      2 34071
      4 34074
    251 34076
      2 34077
      4 34079
      2 34081
      8 34082
     10 34083
     20 34084
      4 34085
      4 34086
      2 34087
      5 34088
      8 34089
      6 34091
      4 34094
      1 34096
      2 34099
    113 34100
      7 34102
      2 34103
      2 34105
      2 34108
      2 34110
      4 34111
     48 34112
      2 34113
      7 34114
      3 34116
     66 34119
     18 34121
      4 34123
     12 34124
      2 34125
      4 34126
      6 34128
      4 34129
      2 34132
      4 34133
      4 34134
      2 34137
     26 34142
      4 34143
      2 34144
     22 34145
      2 34147
      2 34149
      2 34151
     16 34152
     29 34153
      5 34154
     94 34157
     42 34159
     10 34161
      4 34162
     56 34163
     81 34167
      2 34169
     11 34171
      6 34172
      6 34173
      2 34176
    188 34177
      6 34178
     58 34179
      8 34180
     16 34181
     13 34182
      2 34183
     10 34185
      2 34186
      2 34190
      2 34192
      2 34194
      8 34195
      2 34196
     73 34198
     18 34199
     13 34200
     26 34201
      8 34202
      4 34203
      8 34204
      2 34208
      2 34211
     13 34212
     14 34213
     26 34214
      6 34215
      2 34218
      4 34221
     12 34222
      2 34223
      1 34227
      2 34229
      2 34230
     14 34233
      2 34234
      2 34237
      2 34238
      4 34240
      6 34243
      6 34244
      8 34246
      4 34248
      2 34249
      4 34250
      4 34251
      2 34253
      2 34255
      4 34256
     26 34258
      6 34261
      3 34262
      2 34264
     45 34270
     38 34275
      6 34282
     12 34285
      2 34287
     11 34289
      2 34290
     12 34293
    113 34299
      1 34300
      2 34301
      3 34305
     31 34308
      4 34309
     14 34315
     14 34316
      6 34317
      8 34318
      2 34319
      4 34320
      2 34321
    220 34322
    214 34323
     28 34324
     20 34325
      2 34326
      6 34327
      2 34328
      1 34330
     63 34335
      4 34336
     44 34337
      4 34339
      6 34340
      2 34341
     24 34342
      2 34343
      4 34344
      2 34345
      4 34347
      3 34352
      4 34354
      4 34355
     14 34356
     12 34357
      6 34358
      4 34359
      9 34363
      2 34364
      4 34365
      2 34366
      2 34367
      8 34368
     14 34370
     12 34372
      8 34373
    131 34378
      2 34380
     11 34383
     69 34385
      8 34386
      8 34387
      6 34388
     15 34389
      2 34391
     12 34392
      2 34394
      1 34395
      6 34396
     75 34399
      4 34402
      4 34403
     18 34404
      4 34405
     10 34406
      2 34410
     28 34411
      1 34412
     16 34414
      2 34415
      2 34416
     18 34417
    107 34418
      6 34420
      2 34422
      4 34423
      2 34428
      1 34429
      4 34431
      2 34433
     10 34434
     14 34436
     34 34437
      2 34438
      8 34441
      9 34443
     56 34444
      6 34449
      1 34450
     10 34451
      2 34452
      3 34453
     32 34454
      6 34455
      6 34456
    154 34457
     10 34458
      2 34459
      4 34462
    112 34465
      2 34466
      2 34470
      4 34471
      4 34472
     16 34473
     30 34474
     12 34475
     14 34476
     27 34477
      4 34478
      3 34480
     12 34481
      5 34483
      8 34484
      1 34487
      2 34488
     43 34489
      2 34492
     10 34494
      2 34495
      4 34497
      6 34498
     12 34500
      2 34501
     24 34502
      8 34503
      3 34504
     12 34507
     14 34508
     15 34509
      5 34510
      8 34512
     75 34517
      8 34518
      2 34519
      6 34520
      2 34522
      8 34526
     78 34528
    113 34529
    122 34532
     14 34536
      6 34537
     77 34538
      2 34539
      2 34542
      2 34543
      7 34544
    140 34549
     20 34552
     16 34553
     10 34555
     18 34556
      2 34557
    102 34559
      7 34560
      8 34561
      6 34563
      2 34564
      4 34566
     10 34568
      2 34573
      2 34574
      2 34575
      6 34576
     29 34580
     57 34581
      4 34582
     16 34583
      4 34584
      6 34585
      2 34586
      2 34589
      2 34594
      2 34595
      6 34601
      2 34602
     80 34603
      2 34606
     12 34609
     21 34612
     12 34613
     44 34614
      2 34615
      6 34616
      2 34617
     30 34618
      2 34619
      6 34620
      8 34622
     44 34627
      2 34628
     14 34629
      2 34630
      2 34633
      2 34634
      4 34635
     40 34637
     35 34638
     20 34640
      2 34642
      5 34643
     16 34644
      8 34645
     18 34646
     22 34647
     10 34649
      2 34650
     10 34651
      4 34654
      1 34655
      4 34657
      7 34658
      1 34659
      6 34660
      2 34661
     48 34662
      2 34663
     66 34667
      5 34668
      3 34672
      6 34673
      7 34674
      2 34675
     24 34676
    167 34677
     12 34678
      4 34679
     16 34680
     34 34682
     10 34684
     32 34686
     12 34687
     12 34689
      2 34691
     66 34694
     16 34696
      3 34697
      7 34698
      4 34699
    134 34702
      2 34703
      4 34705
      4 34706
     30 34712
    230 34713
     24 34714
     12 34715
      3 34716
    106 34718
      4 34719
      8 34720
      2 34721
     15 34724
      8 34726
      8 34730
     36 34732
     14 34735
      2 34736
      6 34738
      1 34739
      2 34745
      4 34746
      1 34747
      2 34748
      2 34750
     10 34751
      4 34752
     12 34754
      4 34756
      6 34757
      6 34758
      4 34761
     12 34762
      6 34763
      7 34764
      2 34766
      2 34767
      9 34768
     14 34770
      6 34773
      6 34774
     10 34776
      4 34779
      2 34781
      2 34783
      2 34785
      1 34790
      8 34792
      2 34794
      4 34795
     12 34799
     22 34800
     24 34801
     12 34802
     10 34805
      6 34807
      4 34808
      2 34810
     12 34811
      2 34816
      3 34818
      2 34819
     10 34821
      2 34822
      6 34823
      2 34825
      1 34826
     10 34827
      2 34830
      2 34831
      3 34832
      8 34833
      8 34834
     10 34835
     12 34836
     18 34838
     22 34839
      8 34841
      2 34842
     10 34843
     12 34844
      2 34845
      2 34846
      4 34847
     18 34848
     18 34849
     39 34850
     64 34852
      1 34853
      4 34854
     12 34858
      6 34859
      2 34861
      4 34862
      2 34863
      6 34864
      5 34866
     18 34867
     21 34869
     10 34870
      4 34872
      2 34873
     12 34874
      5 34875
      6 34876
      4 34877
     12 34878
     14 34879
      2 34880
      2 34881
      2 34882
      2 34883
      1 34884
      8 34885
      2 34886
      2 34887
      2 34888
     10 34889
      4 34890
      6 34891
      2 34893
      4 34894
      7 34895
     18 34896
      2 34897
      8 34898
      9 34900
      2 34901
      4 34902
      4 34904
      4 34905
      4 34906
      5 34907
     12 34908
      2 34909
      2 34911
     14 34912
     16 34914
      2 34915
      2 34916
      2 34918
      2 34920
     16 34921
     22 34922
     30 34923
      6 34924
      7 34926
      4 34928
      4 34931
      8 34934
      6 34937
    273 34941
      6 34942
      2 34943
      6 34944
     34 34947
      2 34948
      1 34949
    134 34952
      2 34953
      8 34954
      2 34955
     30 34957
      2 34958
     20 34959
      2 34960
      4 34963
      2 34968
     59 34971
    106 34972
     10 34975
     34 34977
      2 34980
      4 34981
     10 34982
      2 34984
      4 34986
     61 34987
      6 34988
      6 34989
     10 34991
     74 34992
     22 34993
      2 34994
      4 34995
     26 34996
      6 34998
     12 34999
      2 35000
      4 35001
     21 35002
     13 35003
     18 35004
      8 35005
      2 35006
     22 35008
      2 35009
      6 35010
      2 35011
     16 35012
      8 35013
      3 35014
     12 35016
     32 35017
     64 35018
     76 35019
      4 35020
     28 35021
     31 35022
      7 35023
     14 35024
     20 35025
      2 35026
      2 35027
     18 35028
      6 35029
      4 35030
     16 35031
     17 35032
     26 35033
      8 35034
      2 35035
      4 35036
      8 35037
      6 35038
      6 35039
      4 35040
      3 35041
      6 35042
      4 35043
      6 35044
     16 35045
      4 35046
      6 35047
     12 35048
      2 35049
     12 35051
      8 35052
     10 35053
      2 35054
     31 35055
      8 35057
     12 35058
      5 35059
     20 35061
      4 35062
      2 35064
     15 35065
     16 35066
     13 35067
      4 35068
      2 35069
      6 35070
     18 35071
     18 35072
      8 35073
      6 35074
     29 35076
      6 35077
      6 35078
     12 35079
     16 35080
     17 35081
      6 35083
      8 35084
     28 35085
      8 35086
     10 35088
      2 35089
      2 35090
     27 35091
     12 35093
      2 35094
     30 35095
      8 35096
      8 35097
      2 35102
     24 35104
      2 35105
      2 35106
      2 35107
      8 35108
      4 35109
     20 35110
      6 35111
     14 35112
      8 35113
      6 35114
      6 35115
      2 35116
     14 35117
     18 35118
     18 35119
      2 35120
     18 35122
      2 35124
      4 35125
      6 35126
     24 35127
     12 35128
      8 35129
     10 35130
      3 35131
    189 35132
      9 35134
      4 35135
      5 35136
     10 35137
     31 35138
      6 35139
      2 35140
     12 35141
     14 35142
      4 35143
      6 35144
      2 35145
     18 35146
      2 35148
     12 35149
      4 35150
     29 35152
      2 35153
      4 35154
      2 35155
      4 35156
      6 35157
     22 35159
      4 35161
      4 35163
     10 35164
      8 35167
     29 35168
      6 35169
      6 35170
      6 35171
      6 35172
     16 35174
     15 35175
     28 35177
      2 35178
      2 35179
     39 35180
      8 35181
     10 35184
     12 35185
     10 35186
      2 35188
      6 35190
      4 35191
      2 35192
      2 35193
      2 35194
      5 35195
     18 35196
     19 35197
      4 35198
      8 35199
     65 35200
      4 35201
      2 35202
      8 35203
      2 35204
      8 35205
      2 35207
      4 35208
      2 35209
      2 35210
      4 35212
      6 35213
      8 35214
      8 35215
     14 35216
      6 35217
      4 35218
     30 35219
      8 35220
      4 35221
      8 35222
     31 35223
      5 35224
      4 35225
     11 35226
      2 35227
     14 35229
      4 35231
      5 35233
     12 35234
      6 35235
      6 35236
      6 35237
      4 35238
      9 35239
     10 35240
      2 35242
      6 35243
      2 35244
      6 35245
      8 35246
      2 35247
     22 35250
     10 35251
     16 35252
      2 35254
      4 35256
      2 35257
      2 35258
      4 35259
     46 35260
      2 35263
      1 35264
     18 35265
      2 35267
      4 35269
      2 35270
     16 35271
      4 35272
      4 35273
      2 35274
      7 35275
      8 35276
      1 35277
     12 35278
     18 35280
      6 35281
      4 35282
      8 35283
      7 35284
      4 35285
      6 35286
      8 35287
     12 35288
     47 35289
      2 3529
      8 35290
     10 35291
      6 35292
     14 35293
      9 35294
      4 35295
     42 35296
      3 35297
      5 35298
      8 35299
      4 35300
      4 35301
     15 35302
     16 35303
      2 35304
      8 35305
      7 35306
      4 35307
      2 35308
     16 35309
     14 35310
      2 35311
    273 35312
      2 35313
      2 35314
     32 35315
     42 35316
     45 35317
      7 35318
      4 35319
      8 35320
     16 35321
     12 35322
     16 35323
      7 35324
     29 35325
      2 35326
     18 35327
      4 35328
      2 35330
     14 35331
      2 35332
     10 35333
    143 35334
      2 35335
      1 35336
      8 35337
      4 35338
      2 35339
      3 35340
      8 35341
      2 35342
      2 35343
      4 35344
      5 35345
     10 35346
      4 35347
     19 35348
     13 35349
      4 35350
     12 35351
      4 35352
      4 35353
     18 35354
      2 35356
      6 35357
      6 35358
      6 35359
     10 35360
      6 35361
     18 35362
      4 35363
      6 35365
     12 35366
     17 35367
      2 35368
      6 35369
      6 35370
      4 35372
     10 35373
     18 35374
      2 35375
      4 35376
      6 35377
     16 35378
      8 35379
      2 35380
      6 35381
      2 35383
     14 35384
      8 35385
     12 35387
      2 35388
      6 35391
      4 35392
      4 35393
     26 35394
     18 35395
     16 35396
      2 35397
     34 35399
      4 35400
      4 35401
     14 35402
      5 35403
      2 35404
     11 35405
     13 35406
     12 35407
     10 35408
      3 35410
      8 35412
      6 35413
      6 35414
     12 35415
     17 35416
      2 35417
      2 35418
      4 35419
      4 35420
     18 35422
      2 35426
      6 35427
      7 35428
      2 35429
      6 35430
     52 35431
      4 35432
      2 35433
     11 35434
      8 35435
      8 35436
     32 35438
     10 35439
     12 35440
      4 35441
      8 35442
      6 35443
      9 35446
      5 35447
     18 35449
      2 35450
      5 35452
      2 35453
      2 35454
      6 35455
      3 35456
      2 35457
      8 35458
      8 35459
      2 35460
      4 35461
      2 35463
      4 35464
     10 35465
     23 35466
      4 35467
      4 35468
      1 35469
      7 35471
      3 35472
      8 35473
     16 35474
     10 35475
     20 35476
      6 35477
      8 35478
     16 35479
      4 35480
      2 35481
     28 35482
      8 35483
      4 35484
      3 35485
     11 35486
      9 35487
     23 35488
      2 35489
      4 35490
      5 35492
      4 35493
      1 35494
     14 35495
      6 35496
     10 35497
      6 35499
     20 35501
     38 35502
     12 35503
      6 35504
      4 35505
      8 35506
      4 35507
      2 35508
      5 35509
      4 35510
      4 35511
      2 35512
     10 35513
      7 35514
      6 35516
      2 35517
     10 35518
     27 35519
      4 35520
      7 35523
      4 35524
      6 35525
     43 35526
      4 35527
      4 35528
      2 35529
      6 35530
     12 35531
     38 35532
      2 35533
      2 35535
      4 35536
      9 35537
     12 35538
     10 35539
     18 35540
      6 35541
     10 35544
     16 35545
     10 35546
      7 35547
      4 35548
     16 35549
      2 35550
      2 35551
     18 35552
     18 35553
     13 35554
     10 35555
     54 35556
      4 35557
     24 35558
      2 35559
     26 35561
     10 35562
      4 35563
      2 35564
     22 35566
     10 35567
      2 35568
      8 35569
      2 35573
     12 35574
      9 35575
     23 35576
      6 35577
      6 35579
     12 35580
      9 35581
      2 35582
      3 35583
      4 35584
      2 35585
     12 35586
      4 35588
      2 35589
     20 35591
      8 35592
      8 35593
      4 35594
      4 35596
      4 35597
     17 35598
      4 35599
      2 35600
      6 35601
      4 35604
      6 35605
      8 35606
     14 35608
     26 35609
      8 35610
      2 35611
      8 35612
      2 35613
      6 35614
      6 35616
      2 35617
      2 35618
      4 35620
      2 35622
      8 35623
      2 35625
     13 35626
      2 35627
     20 35629
    182 35630
      2 35631
     14 35634
      4 35635
     13 35636
      4 35637
     22 35639
      2 35640
     32 35641
     12 35642
      1 35643
      4 35645
     21 35646
      6 35647
      2 35648
      2 35650
     10 35651
      4 35652
      8 35655
      2 35656
      2 35657
      8 35658
      2 35659
      6 35660
     12 35661
      8 35662
     22 35664
      4 35666
      6 35668
      8 35669
     12 35670
     18 35671
     20 35673
     10 35674
      4 35676
     12 35677
      4 35678
      4 35680
     10 35682
     24 35683
      2 35684
      8 35686
      2 35687
     12 35688
     59 35689
     10 35690
      4 35692
      2 35694
      2 35695
      6 35697
     22 35698
      3 35699
     16 35700
      6 35701
      6 35702
      2 35703
      4 35704
     16 35706
      4 35707
      2 35708
      9 35709
      4 35710
     22 35711
      6 35712
     38 35713
     10 35716
     10 35717
      2 35718
      2 35719
      6 35720
     14 35721
      2 35722
     13 35723
     29 35724
     16 35725
      4 35727
      6 35728
      8 35729
     10 35730
     18 35731
      2 35732
     10 35734
      2 35736
    142 35739
     22 35740
     12 35741
     48 35742
     10 35744
      2 35745
      2 35746
      6 35748
     10 35749
     16 35750
      2 35751
      2 35753
     12 35754
      4 35755
      2 35756
     10 35757
      4 35758
      4 35759
      2 35761
      2 35762
      4 35764
     34 35765
     10 35766
      1 35767
      4 35769
      2 35770
      4 35772
      5 35773
      4 35774
      6 35775
      2 35776
     12 35778
      4 35779
     20 35780
    143 35781
      6 35782
      7 35783
     29 35784
      4 35785
      2 35786
      3 35787
      2 35788
      8 35789
     14 35791
     20 35792
      2 35793
     32 35794
    132 35796
     33 35797
      2 35798
      4 35799
      6 35800
      5 35801
     22 35802
     10 35803
     14 35804
      2 35805
      2 35806
      2 35807
     12 35808
     10 35810
     25 35811
     32 35814
      6 35816
      8 35817
     18 35818
      2 35820
      3 3793
      1 3854
      2 4
      2 4052
      1 4229
      1 4270
      1 4298
      2 4306
      2 4348
      1 4409
      2 4448
      1 4509
      2 4518
      2 4588
      2 4609
      1 4640
      1 4651
      1 5063
      2 5109
      4 5124
      2 5157
      3 5169
      2 5191
      6 5375
      1 5398
      2 5427
      2 5467
      4 5566
      4 5646
      1 5848
      2 5900
      1 5971
      4 5973
      4 6093
      2 6650
     12 6678
      6 6720
      1 6880
      4 7008
      2 7009
      1 7158
      2 7449
      1 7850
      5 7955
      4 8042
      4 8290
      2 8402
      4 8420
      1 8422
      1 8726
      2 8769
      1 8804
      1 8812
      2 8823
      2 8843
      2 9400
     16 9543
      3 9578
      2 9655
      2 973
      2 9735
 193413 BS.pilon.polished.v3.ST170922
 183493 Enterococcus_faecalis_complete_genome
 195333 Escherichia_coli_chromosome
   6323 Escherichia_coli_plasmid
 150028 Lactobacillus_fermentum_complete_genome
 186329 Listeria_monocytogenes_complete_genome
 192819 Pseudomonas_aeruginosa_complete_genome
 195717 Salmonella_enterica_chromosome
   3813 Salmonella_enterica_plasmid1
 196335 Staphylococcus_aureus_chromosome
   1707 Staphylococcus_aureus_plasmid2
   2424 Staphylococcus_aureus_plasmid3
   3080 tig00000001
   2232 tig00000003
     35 tig00000004
     42 tig00000006
   1156 tig00000011
   1980 tig00000018
     27 tig00000019
   1909 tig00000023
     38 tig00000025
     16 tig00000027
   1667 tig00000031
   1149 tig00000036
     21 tig00000038
    181 tig00000042
    419 tig00000047
     35 tig00000050
   1211 tig00000051
     46 tig00000054
   1045 tig00000055
    943 tig00000063
    809 tig00000069
   1115 tig00000071
   1066 tig00000072
     29 tig00000075
     40 tig00000078
     26 tig00000079
     38 tig00000080
     20 tig00000086
     36 tig00000091
     19 tig00000093
    282 tig00000094
     28 tig00000096
    301 tig00000104
     38 tig00000105
   1110 tig00000109
     40 tig00000114
     43 tig00000123
    175 tig00000125
    406 tig00000128
     45 tig00000132
     10 tig00000134
   2182 tig00000136
    327 tig00000139
    366 tig00000140
    134 tig00000161
    235 tig00000163
     31 tig00000172
     23 tig00000304
    743 tig00000306
     29 tig00000307
   1239 tig00000308
