      2 10092
      1 1018
      1 10200
      5 10300
      1 10314
      2 10325
      2 10371
      2 10438
      1 10460
      8 10467
      6 10564
      3 10791
      1 11107
      3 1116
      2 11282
      3 11369
      2 1139
      2 11583
      1 11696
      2 11971
      4 12048
      3 12102
     34 12296
      4 12323
      4 12402
      8 12656
      2 13156
      6 13242
      2 13353
      1 1344
      4 13505
      2 13603
      1 13825
      1 13840
      1 13895
      2 13906
      2 13931
      2 14273
      1 14395
      9 14608
      1 14692
      2 14843
      6 15073
      2 15106
     24 15151
      2 15187
      3 15253
      4 15261
      5 15297
      6 15374
      2 15388
      1 15611
      1 15647
      2 15710
      1 15816
      3 15864
      2 16069
      2 16081
      4 16173
      2 1635
      1 1640
      1 16473
      1 16512
      2 16552
      2 16583
      2 16651
     10 16749
      4 16757
      1 16949
      4 17012
      6 17041
      2 1714
      2 17151
      1 17279
      4 17358
      4 17396
      3 17551
      7 17857
      2 17867
      4 18036
      2 18081
      2 18106
      1 18109
      4 18113
      1 18121
      1 18198
      2 1822
     11 18245
      3 18451
      2 18570
      7 18732
      3 18819
     62 18843
      2 18857
      2 18877
      4 18880
      2 18999
      1 19209
      1 19261
      2 19265
      1 1932
      2 19347
      2 19350
      2 20067
      2 20102
      3 20169
      2 20170
      2 20257
      1 20389
      2 20670
      2 20684
      2 20726
      1 2104
      1 21054
      1 21145
      2 21187
      2 21189
      4 2125
      1 21335
      4 21397
      1 21606
      4 21671
      2 21829
      4 21866
      2 21882
      2 22035
      2 22085
      2 22229
      2 22401
      2 22481
      2 22756
      2 23044
      2 23335
      1 23487
      8 23615
      2 23681
      1 24000
      3 24096
      1 24118
      1 24185
      1 24190
      1 24274
      1 24332
      2 24342
     98 24351
      2 24491
      2 24915
      2 25172
      4 25186
      2 25309
      2 25319
      1 25320
      5 25471
      1 25688
      1 25820
      2 25972
      2 26378
      1 26404
      3 26497
      1 26533
      2 26538
      3 26588
      2 26605
      1 26613
     12 26645
      1 26659
      4 26733
      2 26786
      2 26867
     26 26954
      2 2696
      2 27033
      2 27143
      1 2715
      1 27189
      4 27424
      3 27498
      1 27536
      2 2791
      2 28119
      4 28434
      2 28507
      2 28547
      2 28887
      1 29014
      1 29162
      2 29208
      1 29220
      2 2929
      6 29358
      6 29399
      3 2943
      3 29549
      2 29557
      2 29566
      6 29610
      2 29639
      2 29748
      2 29859
      2 2992
      2 29926
      2 29945
      2 29964
      2 30025
      4 30048
      2 30059
      6 30081
      2 3009
      4 30112
      2 30130
      2 30167
      6 30171
    144 30189
      2 30192
     10 30219
      1 30223
      4 30226
      2 30257
      4 30338
     10 30341
      4 30343
      6 30348
      2 30373
      2 30380
      2 30388
      4 30396
      4 30425
     24 30427
      6 30463
      2 30485
     10 30525
      2 30549
      2 30563
      4 30613
      2 30680
      2 30804
      2 30829
      2 30830
     10 30833
      8 30855
   2216 3089
      2 30978
      2 30991
      1 31013
      2 31037
      2 31102
      1 31111
      2 31149
      2 31187
      6 31190
     10 31213
      2 31258
      6 31310
      2 31327
      2 31347
      1 31351
      2 31364
      4 31369
      2 31375
      4 31446
      4 31448
      4 31502
      3 31510
      2 31521
      2 31546
      2 31597
      2 31662
      2 31676
     10 31724
      2 31791
      4 31872
      2 31891
      6 31941
      2 31981
      2 32009
      5 32036
      5 32059
      4 32092
      2 32103
      2 32107
     12 32113
      4 32140
      2 32143
      6 32196
      4 32314
      4 32382
      2 32427
      6 32492
      2 3257
      2 32584
      4 32605
      8 32666
      4 32678
      2 32722
      2 32746
     11 32757
      2 32765
      8 32797
     25 32852
      6 32888
      8 32894
      2 32896
      4 32905
      2 32930
      4 32935
      4 32942
      2 32954
      4 32981
      2 33032
      2 33642
      6 33645
     14 33646
     11 33648
     10 33650
      2 33651
     11 33653
     15 33656
      4 33658
      2 33659
     26 33661
      6 33662
      2 33665
    195 33666
      8 33667
      2 33668
      2 33670
      2 33673
     35 33675
      2 33680
      2 33681
      7 33683
      3 33685
      4 33687
     12 33688
      2 33689
      4 33690
     10 33693
      2 33695
      2 33697
      8 33704
     12 33705
      6 33706
     12 33707
     25 33708
     20 33709
     18 33710
     20 33712
      8 33715
      8 33717
      6 33718
      8 33720
      4 33723
      8 33727
      2 33728
      4 33731
     10 33733
      2 33735
      2 33738
      2 33739
     15 33740
      4 33745
      2 33746
     10 33748
      2 33750
      2 33754
      8 33755
      2 33756
      4 33758
     20 33759
      6 33762
     30 33766
      6 33769
      2 33771
     23 33772
     21 33774
      3 33775
      7 33776
      6 33777
     30 33778
      6 33779
      6 33780
      6 33782
      6 33783
      1 33785
      2 33787
      8 33788
     13 33792
      2 33793
     22 33794
      5 33797
      4 33798
      6 33800
      4 33801
     52 33802
      4 33803
     44 33804
     83 33806
      5 33807
     12 33808
      6 33809
      3 33811
     22 33813
      6 33817
      3 33818
     22 33820
      4 33823
      2 33826
      4 33829
     16 33831
      1 33832
      4 33834
     20 33837
      8 33838
      6 33842
      6 33843
      4 33845
     62 33847
      4 33848
      6 33849
      4 33850
      3 33853
      8 33854
      8 33855
      3 33856
      2 33858
     14 33859
      8 33860
      8 33862
      4 33863
      8 33864
      2 33865
      6 33866
      2 33868
      4 33869
      2 33870
      4 33871
      2 33873
      4 33874
      2 33877
      2 33878
      2 33879
     27 33880
      2 33883
      6 33885
      4 33886
      8 33887
      2 33888
     75 33889
     10 33890
     28 33891
      8 33892
     16 33899
      8 33901
      6 33902
      2 33907
      8 33908
      4 33909
     31 33913
      4 33914
     62 33915
      2 33916
     41 33917
     66 33919
      2 33920
      1 33921
      3 33922
     22 33924
     38 33925
     10 33928
      5 33931
      2 33932
      2 33934
     22 33935
      1 33937
     12 33938
     14 33940
      8 33942
      8 33944
     22 33945
      4 33946
      6 33949
      4 33950
     24 33951
     13 33952
      4 33958
      2 33959
    182 33960
      6 33961
      8 33962
     16 33964
      2 33965
     85 33966
      6 33967
      2 33969
      4 33970
     15 33971
      2 33976
      4 33977
     38 33978
      2 33980
      2 33981
      5 33982
     10 33983
     12 33984
      4 33985
      2 33987
      8 33988
     28 33990
     25 33991
     10 33992
      4 33993
      2 33994
     14 33995
     12 33996
      4 33997
      1 33998
      1 33999
      2 34000
      5 34002
      2 34003
      2 34004
     23 34007
      2 34009
    117 34010
      2 34011
      2 34013
      1 34014
     16 34016
     28 34017
      8 34018
      2 34019
     39 34020
     22 34022
      2 34023
      2 34024
     20 34026
     73 34029
      6 34030
      2 34031
      2 34032
      1 34034
      8 34037
     12 34038
     45 34039
     12 34041
      2 34048
     22 34050
      6 34051
     13 34053
      3 34057
      4 34059
     10 34060
      2 34062
      6 34063
      2 34065
     10 34067
     68 34068
     11 34071
      4 34073
      6 34074
    256 34076
      2 34077
      4 34078
      2 34079
      6 34082
     10 34083
     29 34084
      2 34086
      2 34087
      2 34088
      4 34089
      1 34090
      2 34091
      6 34094
      2 34095
      2 34097
    100 34100
      3 34102
      2 34103
      2 34107
      2 34109
      4 34111
     56 34112
      2 34113
      4 34114
      6 34115
      2 34116
      2 34117
     64 34119
      2 34120
     28 34121
     18 34124
      2 34125
      2 34126
      4 34127
      6 34128
      4 34129
      2 34132
      3 34137
     42 34142
      4 34143
      4 34144
     22 34145
      4 34147
      2 34149
      6 34151
     13 34152
     19 34153
      6 34155
    118 34157
     58 34159
     21 34161
     66 34163
      2 34165
     60 34167
      4 34169
     16 34171
     12 34173
      2 34176
    170 34177
      8 34178
     41 34179
      1 34180
      9 34181
     18 34182
      6 34183
      1 34184
      8 34185
      2 34186
      2 34190
      4 34192
      1 34193
      6 34194
      8 34195
     66 34198
     10 34199
      8 34200
     26 34201
      7 34202
     12 34204
      2 34205
      3 34211
      8 34212
     14 34213
     26 34214
      6 34215
      2 34220
      2 34221
     25 34222
      2 34223
      2 34226
      2 34227
      2 34230
     12 34233
      2 34234
      2 34238
      4 34240
      2 34241
      4 34243
      2 34244
     10 34246
     12 34248
      4 34249
      2 34250
      4 34251
      6 34252
      2 34253
      2 34254
      2 34255
     30 34258
     10 34261
      2 34264
      2 34268
     32 34270
      2 34271
      2 34274
     32 34275
      8 34278
      2 34279
      2 34282
      4 34284
      6 34285
      2 34287
     14 34289
      8 34290
      2 34291
      9 34293
      2 34295
     99 34299
      2 34300
      2 34302
      3 34306
     24 34308
      4 34309
      2 34311
      4 34314
      8 34315
      8 34316
      4 34317
     14 34318
      6 34319
      4 34321
    185 34322
    238 34323
     30 34324
     18 34325
     16 34327
      4 34328
      2 34332
     67 34335
      7 34336
     46 34337
      4 34338
      7 34339
     16 34340
      1 34341
     13 34342
      2 34344
      2 34345
      4 34346
      6 34352
      2 34354
      4 34355
     15 34356
     12 34357
     12 34358
      2 34359
      2 34360
      4 34363
      4 34364
      1 34365
      6 34366
     10 34367
      4 34368
     24 34370
     33 34372
      2 34374
      2 34375
      2 34376
      2 34377
    114 34378
      2 34381
      6 34383
     54 34385
      9 34386
      2 34387
      2 34388
     13 34389
     14 34392
      4 34394
      1 34395
      2 34396
      2 34397
      2 34398
     74 34399
      2 34401
     22 34404
      4 34405
      4 34406
      4 34407
     24 34411
      2 34412
     16 34414
      2 34416
      8 34417
    133 34418
      2 34421
      6 34423
      2 34425
      2 34431
      5 34434
     14 34436
     32 34437
      2 34438
      2 34440
     24 34441
     13 34443
     62 34444
      6 34446
      8 34447
     10 34449
      2 34450
      8 34451
      2 34453
     16 34454
      2 34455
    177 34457
      2 34458
      4 34459
      2 34460
      2 34462
    141 34465
      2 34466
      2 34467
      2 34470
      4 34471
     34 34473
     24 34474
     20 34475
     10 34476
     32 34477
      2 34478
      6 34480
     19 34481
      8 34483
      4 34484
      1 34487
      2 34488
     35 34489
      2 34491
     10 34494
      6 34497
      6 34498
     16 34500
      2 34501
     10 34502
      8 34503
      1 34504
      2 34505
     11 34507
     12 34508
     12 34509
      2 34511
     13 34512
     55 34517
      4 34518
      2 34519
     10 34520
      2 34522
      4 34524
     17 34526
     76 34528
    127 34529
    137 34532
      2 34533
     16 34536
     10 34537
     92 34538
      2 34539
      2 34541
      2 34542
      6 34544
      3 34547
      3 34548
    127 34549
     18 34552
      6 34553
     18 34555
     28 34556
      4 34557
     77 34559
      4 34560
      4 34561
      6 34564
      6 34566
      8 34568
      6 34574
      4 34575
      8 34576
      4 34579
     38 34580
     70 34581
     10 34582
      8 34583
      6 34584
      6 34585
      6 34586
      2 34589
      1 34591
      1 34592
      2 34594
      2 34595
      6 34601
      2 34602
     69 34603
      2 34604
      2 34605
      4 34606
      4 34607
      6 34609
      2 34611
     42 34612
     10 34613
     46 34614
      4 34615
     20 34616
     10 34618
      4 34620
      2 34621
      6 34622
      4 34624
      1 34625
     41 34627
      4 34628
     14 34629
      2 34630
      3 34633
      2 34634
     10 34635
     38 34637
     38 34638
     16 34640
      2 34641
      3 34643
     12 34644
     10 34645
     14 34646
     28 34647
      9 34649
     12 34651
      6 34655
      6 34657
     10 34658
      8 34659
      2 34660
      2 34661
     53 34662
      4 34663
      2 34666
     62 34667
      2 34669
      1 34672
      8 34673
     10 34674
      2 34675
     15 34676
    176 34677
      7 34678
     14 34680
     26 34682
      6 34684
      2 34685
     44 34686
      9 34687
     15 34689
      6 34691
      6 34692
     62 34694
      4 34695
     14 34696
      4 34697
      2 34698
      4 34699
      2 34701
    121 34702
     12 34704
      2 34706
      2 34709
      2 34711
     35 34712
    235 34713
     24 34714
      7 34715
      5 34716
      4 34717
    102 34718
      8 34719
      4 34720
      2 34721
     10 34724
      6 34726
     12 34730
     30 34732
     10 34735
      2 34736
      8 34738
      2 34744
      6 34745
      2 34746
      3 34747
      2 34748
     15 34751
      4 34752
      8 34754
      4 34756
     14 34757
      2 34758
     12 34762
      6 34763
      2 34766
      6 34767
      7 34768
     11 34770
      2 34773
      8 34774
     16 34776
      2 34779
      6 34781
      2 34783
      2 34785
      5 34790
      4 34791
     10 34792
      4 34794
      8 34795
      2 34798
      8 34799
     28 34800
     16 34801
      5 34802
     10 34805
      4 34807
      2 34808
      2 34810
      6 34811
      2 34815
      7 34818
      2 34822
      2 34824
      8 34827
      2 34831
     12 34833
      8 34834
     14 34835
      4 34836
      2 34837
     14 34838
     28 34839
     10 34841
      2 34842
      6 34843
      4 34845
      2 34846
      5 34847
     26 34848
     22 34849
     35 34850
     62 34852
     12 34858
      2 34859
      6 34862
      4 34864
      2 34865
      3 34866
     22 34867
     18 34869
      6 34870
      2 34871
      8 34872
      6 34873
      8 34874
      3 34875
      4 34876
      5 34877
     10 34878
     19 34879
      2 34880
     12 34881
      2 34882
      1 34884
     10 34885
      8 34886
      1 34887
      2 34888
     12 34889
      4 34891
     11 34894
      8 34895
      8 34896
      2 34897
      4 34898
      6 34900
      4 34901
      2 34902
      4 34905
      2 34906
      6 34907
      8 34908
      2 34909
     10 34912
      1 34913
     10 34914
      2 34915
      2 34919
      2 34920
     11 34921
      5 34922
     25 34923
      6 34924
      9 34926
      2 34927
      3 34928
      2 34929
      9 34930
      2 34931
      4 34932
      2 34934
      2 34935
      7 34937
      2 34939
    261 34941
      8 34942
      2 34943
     15 34944
      2 34945
      2 34946
     30 34947
     15 34949
      4 34950
    142 34952
      4 34954
     29 34957
      2 34958
     24 34959
      4 34960
      4 34962
      2 34963
      2 34969
     55 34971
    111 34972
      5 34974
      8 34975
     38 34977
      4 34980
      9 34981
     22 34982
      3 34983
      5 34984
      1 34985
      2 34986
     40 34987
     15 34988
     16 34989
      4 34991
     86 34992
     16 34993
      2 34994
     20 34996
      2 34998
     10 34999
      6 35000
      4 35001
     14 35002
     19 35003
     18 35004
      8 35005
     14 35008
      2 35009
      2 35010
     12 35012
      4 35013
      4 35014
      2 35016
     28 35017
     50 35018
     77 35019
      4 35020
     23 35021
     36 35022
      8 35023
     20 35024
     23 35025
      6 35026
     17 35028
      6 35029
      6 35030
     14 35031
     23 35032
     28 35033
      6 35034
      2 35035
      8 35036
      6 35037
     14 35038
      6 35039
      2 35040
      8 35042
      4 35043
      2 35044
     14 35045
      8 35046
      6 35047
     10 35048
      2 35049
     14 35051
      4 35052
      8 35053
     12 35054
     20 35055
      6 35057
     10 35058
      6 35059
      2 35060
     24 35061
      8 35062
      2 35063
      2 35064
     13 35065
     12 35066
     12 35067
      9 35068
     12 35070
     26 35071
     18 35072
      6 35073
      8 35074
     27 35076
     10 35077
     12 35078
      8 35079
     14 35080
     22 35081
      2 35082
      4 35083
     12 35084
     24 35085
      8 35086
     14 35088
      4 35090
     18 35091
     10 35093
      2 35094
     32 35095
      8 35096
     10 35097
      2 35100
      6 35101
      2 35102
     20 35104
      2 35105
      2 35106
      2 35107
      2 35108
     12 35109
     17 35110
     10 35112
      8 35113
      8 35114
     10 35115
      2 35116
     16 35117
     11 35118
     12 35119
      6 35120
     27 35122
      6 35124
      2 35125
      4 35126
     30 35127
     19 35128
      8 35129
      5 35130
      2 35131
    212 35132
      6 35134
     16 35135
      6 35136
     29 35137
     39 35138
      6 35139
     10 35141
     10 35142
      4 35143
      4 35144
      8 35145
     20 35146
      4 35147
      2 35148
      9 35149
      6 35150
     19 35152
      2 35153
      8 35154
      4 35155
      2 35156
     10 35157
     17 35159
      2 35160
      8 35161
      1 35162
      4 35163
      8 35164
      2 35165
      6 35167
     26 35168
      6 35169
      9 35170
      8 35171
      6 35172
     12 35174
     14 35175
     28 35177
      6 35178
      2 35179
     31 35180
     12 35181
      2 35183
     10 35184
     14 35185
      4 35186
      2 35187
      2 35188
     13 35190
     10 35191
      4 35193
      6 35194
      4 35195
     16 35196
     22 35197
      8 35198
      8 35199
     80 35200
     10 35201
      2 35202
      9 35203
      2 35204
     19 35205
      4 35208
     10 35212
      2 35213
     12 35214
     10 35215
      6 35216
      6 35217
      2 35218
     20 35219
      4 35220
      4 35221
      8 35222
     26 35223
      3 35224
      6 35225
     14 35226
      4 35227
      1 35228
     22 35229
     14 35231
      4 35233
     13 35234
      8 35235
     10 35236
     20 35237
      2 35238
      8 35239
     10 35240
     10 35242
      6 35243
      2 35244
      9 35245
      6 35246
      2 35247
     10 35250
      8 35251
      4 35252
      2 35253
      4 35257
      2 35258
      2 35259
     39 35260
      2 35261
      2 35262
      2 35263
      2 35265
      8 35267
      2 35269
      2 35270
     10 35271
      2 35272
      6 35273
      4 35274
      6 35275
      4 35276
      1 35277
     11 35278
      2 35279
     26 35280
      2 35282
      6 35283
     22 35284
      4 35286
      8 35287
     16 35288
     46 35289
      2 35290
      6 35291
      2 35292
     18 35293
      3 35294
      2 35295
     52 35296
      2 35297
     10 35298
     13 35299
      2 35300
      4 35301
     19 35302
     22 35303
     10 35306
      6 35307
     12 35309
      2 35310
    247 35312
     20 35313
      2 35314
     26 35315
     48 35316
     50 35317
      3 35318
      8 35319
     22 35320
     32 35321
      8 35322
      8 35323
      8 35324
     44 35325
     14 35327
      2 35328
      4 35330
     10 35331
      2 35332
    112 35334
      2 35335
      2 35336
      8 35337
      9 35338
      4 35339
      2 35340
     17 35341
      2 35343
      6 35344
      8 35345
      2 35346
      4 35347
     19 35348
      8 35349
      2 35350
      6 35351
      6 35352
      6 35353
     11 35354
      2 35357
     18 35359
     14 35360
      7 35361
     24 35362
      2 35363
     14 35365
      6 35366
     11 35367
     11 35369
      6 35370
      4 35372
      6 35373
     18 35374
      4 35375
      4 35376
      8 35378
      3 35379
      6 35380
     16 35381
      6 35383
     10 35384
      7 35385
     19 35387
      7 35391
      4 35392
      6 35393
     12 35394
     14 35395
     28 35396
      4 35397
     26 35399
      6 35400
      9 35401
     12 35402
      7 35403
      4 35405
     10 35406
     14 35407
      6 35408
      2 35409
      2 35411
      8 35412
      8 35413
      2 35414
     10 35415
     16 35416
      8 35419
      4 35420
     18 35422
      8 35425
      4 35427
     10 35428
      3 35429
     10 35430
     32 35431
     20 35432
      6 35433
      8 35434
     12 35435
      6 35436
     14 35438
      6 35439
     17 35440
      2 35441
      6 35442
      6 35443
      2 35445
     11 35446
      6 35447
      2 35448
     12 35449
     12 35450
      5 35452
      2 35453
      2 35455
      4 35456
     10 35458
      6 35459
      4 35460
      2 35461
      2 35462
      4 35463
      8 35464
     14 35465
     16 35466
      6 35467
      4 35468
      2 35469
      6 35470
      2 35471
      4 35472
      2 35473
     18 35474
      4 35475
     18 35476
      8 35477
     12 35478
      4 35479
      2 35480
      7 35481
     33 35482
      6 35483
      6 35484
     10 35485
     17 35486
      7 35487
     10 35488
      2 35489
     10 35490
      1 35492
      2 35493
     18 35495
      4 35496
      8 35497
      4 35499
     36 35501
     37 35502
     14 35503
     14 35504
     10 35505
      8 35506
      2 35509
      8 35510
      4 35511
      4 35512
      2 35513
      4 35514
     10 35516
      2 35517
      6 35518
     32 35519
      4 35520
      7 35523
      4 35524
      9 35525
     54 35526
     17 35527
      4 35529
     15 35530
     12 35531
     31 35532
      2 35533
      2 35535
      2 35536
      9 35537
     10 35538
      6 35539
     20 35540
      5 35541
      8 35544
     12 35545
      6 35546
      6 35547
     12 35548
     11 35549
      4 35550
      4 35551
     16 35552
      8 35553
      4 35554
     18 35555
     41 35556
      6 35557
     38 35558
      4 35560
     26 35561
     14 35562
      4 35563
     15 35566
     15 35567
      6 35568
     14 35569
      2 35571
      4 35572
     14 35574
      8 35575
      9 35576
      8 35577
      2 35579
     10 35580
     21 35581
      2 35582
      8 35583
      1 35584
     10 35585
      8 35586
      2 35587
      4 35588
      1 35589
     24 35591
      8 35592
     10 35593
      4 35594
      7 35596
      6 35597
     18 35598
      6 35599
      2 35600
      8 35601
      1 35603
      4 35604
      4 35605
     21 35606
     16 35608
     22 35609
     12 35610
      2 35611
      2 35612
      6 35613
      2 35614
      2 35615
      8 35616
      2 35618
      2 35620
      2 35622
      8 35623
      2 35625
      4 35626
      4 35627
     18 35629
    183 35630
      2 35631
      4 35632
      8 35634
      4 35635
     12 35636
      2 35637
     25 35639
      1 35640
     41 35641
     16 35642
      2 35644
     28 35646
      2 35647
      2 35648
      3 35649
      4 35651
      2 35656
      4 35658
      8 35659
      6 35660
      4 35661
      4 35662
     16 35664
      5 35665
      6 35666
      2 35667
      8 35668
      6 35669
      5 35670
     10 35671
     16 35673
      4 35674
      3 35676
     10 35677
      2 35678
      8 35680
      2 35681
      6 35682
     24 35683
      4 35686
      7 35687
     10 35688
     58 35689
      8 35690
      4 35694
      2 35695
     14 35697
     24 35698
      3 35699
     10 35700
      2 35701
      8 35702
      4 35704
      2 35705
     12 35706
      4 35708
     11 35709
      2 35710
     19 35711
     12 35712
     40 35713
      2 35714
      2 35715
     10 35716
     18 35717
      4 35718
      2 35719
      6 35720
      8 35721
      8 35722
      6 35723
     34 35724
     14 35725
      6 35726
      6 35727
      4 35728
      2 35729
     20 35730
     12 35731
      2 35732
      4 35733
      6 35734
      5 35736
    138 35739
     22 35740
     18 35741
     20 35742
      6 35744
      2 35748
      6 35749
     12 35750
      2 35752
      4 35753
     10 35754
      1 35755
      4 35756
      2 35757
      2 35758
      7 35760
      6 35764
     26 35765
      6 35766
      2 35767
      4 35768
      2 35769
      4 35770
      2 35773
     13 35774
      4 35775
      2 35776
     12 35778
      6 35779
     15 35780
    170 35781
      8 35782
      4 35783
     18 35784
      4 35785
      2 35786
     16 35791
     30 35792
      4 35793
     22 35794
    101 35796
     43 35797
      4 35798
      4 35799
      7 35800
      6 35801
     12 35802
     12 35803
     13 35804
      5 35806
      2 35807
      7 35808
      2 35809
      8 35810
     14 35811
      6 35813
     28 35814
     14 35816
      9 35817
     12 35818
      2 35819
      2 3775
      1 3793
      4 4052
      1 4057
      1 4089
      2 4157
      4 4270
      6 4344
      4 4348
      1 4409
      4 4458
      2 4509
      2 4518
      1 4651
      2 4695
      1 4933
      2 494
      1 4970
      2 5108
      3 5124
     10 5157
      2 5169
      2 5255
      2 5282
      1 5363
      2 5375
      2 5398
      2 5427
      2 5467
      4 5566
      2 5614
      1 5822
      3 5973
      2 6045
      2 6093
      4 6382
      1 6551
      2 6650
      1 6671
     15 6678
     17 6720
      1 682
      2 6880
      2 7159
      1 7168
      2 7183
      2 7383
      1 7607
      2 7618
      1 7850
      6 7955
     12 8042
      2 8383
      6 8402
      6 8420
      2 8451
      1 8614
      1 8804
      2 8823
      5 8892
      1 8896
      1 9243
      2 9350
      2 9400
      1 9418
      4 9425
      2 9507
     14 9543
     11 9578
      2 9759
      1 9804
      4 995
 194143 BS.pilon.polished.v3.ST170922
 183386 Enterococcus_faecalis_complete_genome
 194593 Escherichia_coli_chromosome
   6475 Escherichia_coli_plasmid
 150007 Lactobacillus_fermentum_complete_genome
 185680 Listeria_monocytogenes_complete_genome
 193811 Pseudomonas_aeruginosa_complete_genome
 196006 Salmonella_enterica_chromosome
   3675 Salmonella_enterica_plasmid1
 196627 Staphylococcus_aureus_chromosome
   1800 Staphylococcus_aureus_plasmid2
   2430 Staphylococcus_aureus_plasmid3
   3174 tig00000001
   2216 tig00000003
     32 tig00000004
     46 tig00000006
   1293 tig00000011
   1913 tig00000018
     31 tig00000019
   2028 tig00000023
     41 tig00000025
     13 tig00000027
   1665 tig00000031
   1117 tig00000036
     28 tig00000038
    217 tig00000042
    400 tig00000047
     30 tig00000050
   1254 tig00000051
     61 tig00000054
   1063 tig00000055
    892 tig00000063
    810 tig00000069
   1103 tig00000071
   1145 tig00000072
     15 tig00000075
     34 tig00000078
     34 tig00000079
     39 tig00000080
     16 tig00000086
     41 tig00000091
     14 tig00000093
    278 tig00000094
     23 tig00000096
    334 tig00000104
     45 tig00000105
   1228 tig00000109
     24 tig00000114
     54 tig00000123
    190 tig00000125
    371 tig00000128
     56 tig00000132
     18 tig00000134
   2112 tig00000136
    313 tig00000139
    384 tig00000140
    147 tig00000161
    241 tig00000163
     22 tig00000172
     12 tig00000304
    718 tig00000306
     28 tig00000307
   1252 tig00000308
