      2 10300
      1 10460
      5 10467
      1 10476
      8 10564
      2 10791
      2 10983
      1 10999
      2 1116
      1 11243
      3 11369
      2 1139
      2 11771
      1 11868
     12 12048
      2 12069
      6 12102
      2 12116
     34 12296
      2 12323
      1 12402
      1 12588
      1 12602
     14 12656
      1 12679
      1 13115
      1 13156
      6 13242
      2 1352
      2 13591
      1 13825
      1 13840
      1 13895
      2 13906
      1 14206
      4 14432
      6 14478
      2 1453
      4 14608
      1 14636
      4 14843
      2 14861
      2 14900
      1 14955
      6 15073
     22 15151
      4 15261
      2 15297
      3 15374
      2 15479
      2 15505
      1 15611
      1 15617
      2 15676
      2 1577
      1 15816
      2 15864
      2 15910
      2 16168
      2 16173
      3 1635
      1 16473
      2 16651
      2 16661
      2 16679
      2 16686
      4 16749
      1 16757
      1 16874
      2 17041
      2 17151
      7 17239
      3 17358
      2 17551
      1 17611
      4 17857
      4 18036
      1 18054
      2 18106
      2 18113
      1 18198
      2 18202
      9 18245
      1 18451
      2 18486
      7 18732
      2 18819
     61 18843
      2 18857
      8 18880
      3 18999
      1 19209
      4 19265
      2 19347
      4 19438
      1 20024
      6 20067
      1 20170
      4 20257
      2 20389
      4 20590
      2 20594
      2 20601
      2 20670
      2 20684
      1 20961
      1 21075
      2 21140
      6 2125
      2 21397
      3 21671
      2 21829
      4 21866
      2 22085
      1 22229
      2 22375
      1 22391
      1 22481
      1 22511
      4 22685
      2 23044
      3 2306
      4 23265
      4 23615
      1 2363
      2 24096
      1 24118
      1 2423
      4 24274
      2 2432
      4 24332
      2 24342
     94 24351
      5 24491
      2 24819
      2 24915
      2 25172
      8 25186
      2 25309
      1 25319
      2 25320
      2 25435
     11 25471
      2 25496
      2 25695
      1 26139
      1 26296
      2 26378
      1 26458
      2 26497
      4 26538
      4 26613
      6 26645
      1 26659
      3 26733
      4 26786
      1 26858
     18 26954
      2 27033
      6 27424
      5 27473
      1 27498
      2 27551
      4 27838
      1 28208
      1 28266
      1 283
      1 28334
      2 28387
      2 28547
      2 28552
      3 28887
      2 28942
      2 29014
      1 29220
      4 29358
      3 29399
      4 29443
      1 2951
      5 29549
      2 29557
      2 29562
      2 29566
      4 29610
      2 29763
      6 2992
      2 29926
      2 29945
      2 30025
      4 30056
      2 30059
      4 30081
      4 3009
      2 30167
      4 30171
    129 30189
     10 30192
     10 30219
      2 30226
      2 30257
      2 30341
      2 30348
      4 30373
      2 30380
      2 30388
      8 30415
      4 30425
     18 30427
     10 30463
      2 30525
      2 30549
      2 30563
      3 30613
      6 30686
      4 30701
      2 30804
      2 30830
     10 30833
      2 30855
   2316 3089
      2 30910
      2 30925
      2 30978
      2 31013
      2 31037
      2 31082
      2 31089
      4 31149
      2 31153
      4 31170
      4 31187
      6 31190
      2 31193
      6 31213
      2 31255
      7 31310
      2 31321
      2 31327
      2 31347
      2 31351
      4 31360
      3 31373
      2 31375
      4 31448
      2 31452
      2 31510
      2 31518
      2 31529
      2 31546
     10 31662
     10 31724
      2 31768
      6 31791
      4 31844
      4 31872
      2 31932
      2 31939
      8 31941
      4 31981
      2 32024
      5 32036
      6 32059
     12 32113
      1 32140
      2 32143
      2 32194
      2 32196
      2 32314
      2 32382
      2 32427
      2 32428
      4 32492
      2 32554
      4 32558
      2 3257
      4 32584
      2 32605
      1 32662
      7 32666
      4 32678
      4 32710
      2 32746
      9 32757
      2 32765
      8 32797
     24 32852
      2 32888
      2 32894
      2 32905
      4 32954
      2 32958
      2 32981
      2 33011
      8 33645
     14 33646
     12 33648
      2 33650
      6 33651
      6 33653
      2 33655
     14 33656
      2 33659
     40 33661
      2 33662
      2 33663
    206 33666
      4 33667
      6 33668
      2 33670
      2 33672
      2 33674
     38 33675
      2 33676
      2 33677
      4 33681
      7 33683
      4 33685
      4 33688
      4 33689
      2 33690
     14 33693
      6 33696
      2 33697
      2 33699
      8 33704
     12 33705
     14 33706
      6 33707
     19 33708
     26 33709
     18 33710
     30 33712
      2 33715
      2 33717
      6 33718
     12 33720
      4 33726
      4 33727
      2 33728
      6 33729
      2 33730
      2 33731
     12 33733
      2 33736
     10 33740
      4 33745
      4 33746
      5 33748
      2 33750
      1 33751
      1 33753
     10 33755
      3 33757
      5 33758
     10 33759
      2 33760
      2 33762
     36 33766
      6 33769
      2 33771
     38 33772
     24 33774
      6 33775
      2 33776
      6 33777
     24 33778
     10 33779
      6 33782
      8 33783
      2 33784
      4 33785
      8 33788
      2 33789
     10 33792
     16 33794
      1 33795
      6 33797
      4 33798
      4 33801
     46 33802
      2 33803
     29 33804
      2 33805
     80 33806
      2 33807
      8 33808
      2 33809
      5 33811
     16 33813
      2 33816
      8 33817
      2 33818
     26 33820
      6 33823
      2 33826
      2 33828
      2 33829
     18 33831
      2 33834
     23 33837
      2 33838
      4 33840
     10 33842
      2 33845
     66 33847
      4 33848
      4 33849
      4 33850
      2 33852
      4 33853
      8 33854
      2 33855
      2 33856
      2 33858
      6 33859
      6 33860
     10 33862
      2 33863
      3 33864
      4 33865
      4 33866
      8 33869
      2 33870
      2 33871
      2 33872
      4 33874
      2 33876
      2 33877
      2 33878
     37 33880
      2 33883
      2 33885
      8 33886
      6 33887
     67 33889
     22 33890
     22 33891
      4 33892
      2 33894
     14 33899
      8 33901
      3 33902
     12 33904
      2 33906
      2 33907
      8 33908
      2 33909
      2 33911
     19 33913
      2 33914
     61 33915
      2 33916
     57 33917
     74 33919
      4 33920
      1 33921
      2 33922
     22 33924
     30 33925
      4 33926
     18 33928
      6 33931
      2 33934
     14 33935
      8 33938
     19 33940
      4 33942
     10 33944
     14 33945
      6 33946
      4 33949
     23 33951
     12 33952
      2 33953
      2 33958
    188 33960
      8 33961
      2 33962
      4 33963
     18 33964
      4 33965
    104 33966
      8 33967
      2 33969
      8 33970
      7 33971
      2 33974
      9 33977
     42 33978
      4 33981
      2 33982
     18 33983
     10 33984
      8 33985
      2 33987
     18 33988
     35 33990
     18 33991
      4 33992
      4 33993
      4 33994
     16 33995
      8 33996
      2 33997
      4 33998
      6 33999
      8 34002
      4 34003
     22 34007
      2 34009
    108 34010
      4 34012
      2 34014
      6 34015
     14 34016
     29 34017
      6 34018
     34 34020
     10 34022
      2 34024
     10 34026
      6 34027
     67 34029
      6 34030
      2 34032
      2 34034
     10 34037
     10 34038
     22 34039
     16 34041
      6 34042
      2 34045
      2 34047
      1 34048
     21 34050
      6 34051
      4 34053
      4 34057
      2 34058
      8 34059
      8 34060
     10 34063
     20 34067
     72 34068
      2 34069
      8 34071
      4 34074
    224 34076
      2 34078
      6 34079
      2 34081
      4 34082
      8 34083
     15 34084
      2 34085
      2 34087
      4 34088
      6 34089
      3 34090
      4 34091
      2 34094
      1 34095
      1 34097
    126 34100
      3 34102
      4 34103
      6 34105
      2 34109
      2 34111
     44 34112
      8 34115
      1 34116
      2 34117
     74 34119
     10 34121
      6 34124
      2 34127
      1 34128
     10 34132
      8 34133
      2 34134
      3 34137
      1 34138
      4 34140
      2 34141
     26 34142
      4 34143
      4 34144
     22 34145
      4 34147
      2 34148
      4 34149
      2 34151
     12 34152
     17 34153
      3 34154
      2 34155
    100 34157
     53 34159
      6 34161
      6 34162
     60 34163
      1 34165
     75 34167
      8 34171
      4 34172
     12 34173
      4 34175
    160 34177
     14 34178
     43 34179
      2 34180
     10 34181
     16 34182
      9 34185
      2 34188
      6 34190
      2 34191
      2 34192
      4 34194
      6 34195
     57 34198
     14 34199
     10 34200
     40 34201
     19 34204
      2 34208
      2 34209
      3 34211
     11 34212
     22 34213
     44 34214
     15 34215
      2 34220
      6 34221
     12 34222
      2 34226
      2 34227
      2 34230
     12 34233
      2 34237
      2 34238
      2 34239
      2 34240
      6 34243
      9 34244
     10 34246
      2 34247
      4 34248
      4 34249
      4 34252
      2 34253
      2 34254
      4 34255
      4 34256
     34 34258
      9 34261
      1 34262
     34 34270
      2 34271
     22 34275
      2 34278
      2 34279
      1 34281
      8 34282
      6 34285
      2 34287
      9 34289
     14 34290
      4 34291
      9 34293
      2 34294
      4 34295
      2 34297
    116 34299
      2 34300
      6 34301
      2 34306
     19 34308
      9 34309
      4 34314
      4 34315
      9 34316
      2 34317
      7 34318
      4 34319
      6 34321
    188 34322
    218 34323
     30 34324
     20 34325
      2 34326
     13 34327
      2 34328
      2 34332
     73 34335
      2 34336
     46 34337
      4 34339
     10 34340
     29 34342
      2 34344
      2 34346
      4 34347
      3 34352
      2 34354
      2 34355
      9 34356
     20 34357
     12 34358
      5 34363
      4 34364
      4 34365
      2 34366
      4 34367
      4 34368
     22 34370
     24 34372
     10 34373
      4 34376
      2 34377
    122 34378
     14 34383
      2 34384
     64 34385
      6 34386
      4 34387
      2 34388
     16 34389
      4 34390
     12 34392
      2 34394
      8 34398
     74 34399
      1 34400
      2 34401
      2 34402
     22 34404
      6 34405
      8 34406
      2 34410
     24 34411
      1 34412
     16 34414
      2 34415
      6 34417
    159 34418
      4 34420
      6 34423
      1 34429
      4 34431
      4 34432
      8 34434
      2 34435
     11 34436
     36 34437
      2 34438
      2 34439
      2 34440
     12 34441
      2 34442
     12 34443
     52 34444
      2 34446
      2 34447
     13 34449
      4 34450
      4 34451
      1 34453
     20 34454
      8 34455
      3 34456
    175 34457
      6 34458
      4 34459
      2 34460
      2 34462
    150 34465
      4 34466
      2 34467
     10 34471
     18 34473
     20 34474
      4 34475
     16 34476
     28 34477
      2 34478
      7 34480
     13 34481
      2 34482
      8 34483
     14 34484
     40 34489
      2 34491
      2 34494
      2 34495
      4 34497
      6 34498
     20 34500
      4 34501
      8 34502
     10 34503
      5 34504
      3 34507
     12 34508
     10 34509
      3 34510
      6 34511
     10 34512
     58 34517
      2 34518
      2 34519
     12 34520
      4 34524
      3 34525
      6 34526
     81 34528
    126 34529
      1 34530
    130 34532
      2 34533
      2 34535
     14 34536
      2 34537
     83 34538
      2 34541
      4 34544
      3 34548
    147 34549
     22 34552
      7 34553
      2 34554
      2 34555
     18 34556
      5 34557
      1 34558
    119 34559
      3 34560
     10 34561
      6 34563
      4 34564
      6 34566
      4 34573
      6 34574
      3 34575
     10 34576
      2 34579
     37 34580
     44 34581
     10 34582
     22 34583
      6 34584
      8 34585
      2 34590
      2 34591
      4 34594
      2 34597
      2 34599
     20 34601
     77 34603
      2 34604
      2 34605
      2 34606
      5 34609
      2 34610
      2 34611
     30 34612
     10 34613
     58 34614
     12 34616
     20 34618
      2 34620
      2 34621
     12 34622
      1 34625
      2 34626
     26 34627
      2 34628
     24 34629
      6 34630
      1 34631
      2 34633
      4 34634
      9 34635
     38 34637
     26 34638
     25 34640
      4 34641
      4 34642
      5 34643
     20 34644
      2 34645
     30 34646
     30 34647
      6 34649
      2 34650
      8 34651
      6 34653
      2 34654
      9 34655
      2 34657
      4 34658
      5 34659
      4 34660
      2 34661
     56 34662
      6 34663
      2 34666
     52 34667
      2 34668
      2 34669
      4 34672
      1 34673
     10 34674
     17 34676
    182 34677
      9 34678
      2 34679
     12 34680
     41 34682
      6 34684
     40 34686
     14 34687
     10 34689
      2 34690
      2 34691
      8 34692
      4 34693
     64 34694
      6 34695
     18 34696
      6 34698
      4 34699
      4 34701
     98 34702
      2 34703
     14 34704
      2 34705
      2 34706
      4 34709
     30 34712
    185 34713
     24 34714
      4 34715
      2 34716
      2 34717
    121 34718
      8 34719
      2 34720
      2 34721
     16 34724
      2 34726
      2 34728
     12 34730
     30 34732
     10 34735
      6 34738
      2 34744
      6 34745
      4 34746
      2 34747
      8 34751
      7 34752
      8 34754
      6 34756
     10 34757
      4 34758
      2 34759
      2 34761
     14 34762
      6 34763
      6 34764
      4 34767
      8 34768
      2 34769
     12 34770
      4 34773
     12 34774
     12 34776
      4 34779
      2 34780
      2 34781
      2 34783
      1 34784
      2 34785
      2 34788
      6 34792
      2 34793
      2 34794
      6 34795
      2 34797
     14 34799
     38 34800
     14 34801
      3 34802
      8 34805
      2 34806
      4 34807
      2 34808
      2 34809
      4 34810
      4 34811
      4 34818
      2 34819
      2 34821
      2 34822
      2 34823
      1 34824
      2 34825
      2 34826
     10 34827
      2 34831
      2 34832
      6 34833
     14 34834
     10 34835
      8 34836
     12 34838
     20 34839
     20 34841
      6 34843
      4 34844
      6 34845
      2 34846
      4 34847
     22 34848
     20 34849
     42 34850
     49 34852
     12 34858
      6 34859
      4 34862
      2 34863
      4 34864
      6 34866
     14 34867
     17 34869
      2 34870
      7 34872
      4 34873
     14 34874
      4 34875
      4 34876
      9 34877
     16 34878
     18 34879
      4 34880
      4 34881
      7 34882
      3 34883
      8 34885
      4 34886
      4 34888
     12 34889
      2 34891
      2 34894
      3 34895
     13 34896
      2 34897
     12 34898
      2 34900
      4 34901
      2 34902
      2 34904
      4 34905
      4 34906
      2 34907
      7 34908
      2 34909
      4 34911
     16 34912
      2 34913
     12 34914
      2 34915
      1 34918
      4 34919
     13 34921
     13 34922
     33 34923
      2 34924
     15 34926
      4 34928
      2 34929
      4 34930
      4 34931
      8 34932
      4 34934
      2 34936
      4 34937
    248 34941
     14 34944
      2 34945
     40 34947
      2 34948
     16 34949
      4 34950
    154 34952
      2 34954
     31 34957
     10 34959
      2 34960
      2 34962
      4 34968
      2 34970
     63 34971
     89 34972
      2 34974
      6 34975
     35 34977
      8 34980
      7 34981
     18 34982
      1 34983
      2 34985
      2 34986
     54 34987
     15 34988
     12 34989
     73 34992
     18 34993
      2 34994
      8 34995
     12 34996
      2 34998
     16 34999
      8 35000
      2 35001
     17 35002
     18 35003
     18 35004
      6 35005
     17 35008
      6 35010
      2 35011
      6 35012
      2 35014
     10 35016
     43 35017
     50 35018
     79 35019
      6 35020
     30 35021
     32 35022
      8 35023
     18 35024
     28 35025
     10 35026
      2 35027
     19 35028
      2 35029
      2 35030
     16 35031
     10 35032
     26 35033
      2 35034
      6 35035
     10 35036
      6 35037
     10 35038
     11 35039
      2 35040
      5 35041
      2 35042
      6 35045
      6 35047
     16 35048
      4 35049
     10 35051
      4 35052
      8 35053
      4 35054
     20 35055
      4 35057
     14 35058
      8 35059
     26 35061
      6 35062
      1 35063
      4 35064
     24 35065
     18 35066
     10 35067
      6 35068
      2 35070
     36 35071
     14 35072
      2 35073
      6 35074
     32 35076
      8 35077
      8 35078
      6 35079
      8 35080
     16 35081
      4 35082
      4 35083
     20 35084
     26 35085
      4 35086
      8 35088
      2 35089
      2 35090
     19 35091
      4 35092
     10 35093
      2 35094
     33 35095
      2 35096
     18 35097
      2 35099
      4 35101
      6 35102
      8 35104
      4 35105
      2 35106
      4 35107
      4 35108
      6 35109
     19 35110
      8 35111
     16 35112
     14 35113
      2 35114
      4 35115
     17 35117
     19 35118
     14 35119
      2 35120
     26 35122
      4 35124
      2 35125
      6 35126
     30 35127
     16 35128
     16 35129
      2 35130
      5 35131
    190 35132
      6 35134
      6 35135
      5 35136
     14 35137
     37 35138
      4 35139
      2 35140
     14 35141
     11 35142
      8 35143
      2 35144
     16 35145
      8 35146
      1 35147
      6 35148
      7 35149
      2 35150
      2 35151
     27 35152
      2 35153
      4 35156
      7 35157
      2 35158
     23 35159
     15 35161
      4 35162
      4 35163
     12 35164
      4 35166
      2 35167
     35 35168
      8 35169
      8 35170
     10 35171
      2 35172
     12 35174
     12 35175
     24 35177
      2 35178
      2 35179
     39 35180
      2 35181
      2 35183
     10 35184
     14 35185
      8 35186
      2 35187
      2 35188
     11 35190
      8 35191
      2 35192
      2 35195
     12 35196
     21 35197
      4 35198
      2 35199
     74 35200
     10 35201
     12 35202
      6 35203
      4 35204
      3 35205
      9 35208
      2 35210
     10 35212
      4 35213
     10 35214
     18 35215
      8 35216
      2 35217
      6 35218
     14 35219
      4 35220
      4 35221
     12 35222
     35 35223
     10 35224
     10 35225
      9 35226
     14 35229
      2 35230
     16 35231
      6 35233
     10 35234
      4 35235
      8 35236
     13 35237
     10 35238
      7 35239
     16 35240
      4 35242
      6 35244
     10 35245
      6 35246
      2 35247
     12 35250
      4 35251
      4 35252
      4 35253
      2 35255
      4 35257
      2 35259
     42 35260
      2 35261
      2 35262
      1 35264
     10 35265
      6 35267
      2 35268
      2 35269
      2 35270
     18 35271
      4 35273
      2 35274
      8 35275
      8 35276
     12 35278
      4 35280
      4 35281
      2 35282
      4 35283
     12 35284
      2 35285
     10 35286
     12 35287
      8 35288
     65 35289
     10 35290
      8 35291
      2 35292
     20 35293
      6 35294
      2 35295
     36 35296
      5 35297
      4 35298
     14 35299
     10 35301
      6 35302
     16 35303
      2 35304
      8 35305
      3 35306
      4 35307
      4 35309
     14 35310
      2 35311
    244 35312
     14 35313
      6 35314
     16 35315
     38 35316
     36 35317
      2 35318
     14 35320
     10 35321
      8 35322
     10 35323
      7 35324
     37 35325
     10 35327
      6 35328
      4 35329
      8 35330
      6 35331
      2 35332
      4 35333
    109 35334
      4 35337
      8 35338
      4 35339
      3 35340
      6 35341
      2 35342
      2 35343
      4 35344
      9 35345
     14 35346
     11 35348
      8 35349
      2 35350
      8 35351
     10 35352
      6 35353
     28 35354
      6 35356
      2 35357
      4 35358
     12 35359
     22 35360
      2 35361
     26 35362
      4 35363
     10 35365
      4 35366
     12 35367
      3 35368
     10 35369
      4 35370
      2 35371
      2 35372
     12 35373
     23 35374
      6 35375
      8 35376
      4 35377
     10 35378
     15 35379
      2 35380
      6 35381
      4 35383
      8 35384
     10 35385
     14 35387
      2 35388
      8 35391
      8 35392
      4 35393
     16 35394
     16 35395
     16 35396
      4 35397
     28 35399
      4 35400
      8 35401
     14 35402
      8 35403
     13 35405
     14 35406
      7 35407
     12 35408
      2 35410
      6 35412
      6 35413
      4 35414
      6 35415
     21 35416
      7 35419
      4 35420
      2 35421
     20 35422
      2 35425
      2 35426
      2 35427
     11 35428
     18 35429
     10 35430
     23 35431
     14 35432
      6 35433
      5 35434
     12 35435
     10 35436
     16 35438
      6 35439
     22 35440
      2 35441
      5 35444
      2 35445
     12 35446
      5 35447
     16 35449
     10 35450
      4 35452
      2 35454
      6 35456
     14 35458
      4 35459
      2 35460
      2 35462
      3 35463
     18 35465
     17 35466
      2 35467
     10 35470
     17 35471
      5 35472
     18 35474
     12 35475
     17 35476
      9 35477
     14 35478
      8 35479
      2 35480
      2 35481
     30 35482
     10 35483
      8 35484
      2 35485
     14 35486
     18 35487
     24 35488
      2 35489
      8 35490
      8 35492
      9 35493
     16 35495
      6 35496
      4 35497
     10 35499
      4 35500
     14 35501
     28 35502
     20 35503
     14 35504
      2 35505
      4 35506
      4 35509
      7 35510
      2 35512
      8 35513
      4 35514
     10 35516
      2 35517
     14 35518
     20 35519
      4 35520
      4 35523
      4 35524
      7 35525
     54 35526
      8 35527
      4 35529
     10 35530
      4 35531
     40 35532
      2 35533
      2 35535
      2 35536
      5 35537
      8 35538
      4 35539
     10 35540
      8 35541
      8 35544
     14 35545
     16 35546
      5 35547
      8 35548
     14 35549
      8 35550
      4 35551
     28 35552
     16 35553
     16 35554
     16 35555
     48 35556
      4 35557
     36 35558
      2 35559
      6 35560
     16 35561
     15 35562
      6 35563
      4 35564
     20 35566
      9 35567
      6 35568
      4 35569
      2 35572
      2 35573
      6 35574
      6 35575
     22 35576
      6 35577
      6 35579
     10 35580
     12 35581
      2 35582
      4 35583
      1 35584
      2 35585
      8 35586
      2 35587
      2 35588
     16 35591
      6 35592
      8 35593
      4 35594
      2 35595
      3 35596
      8 35597
     23 35598
      8 35599
     22 35601
      6 35604
      6 35605
      6 35606
     15 35608
     16 35609
      8 35610
      2 35611
      6 35612
      4 35613
      2 35615
      4 35617
      2 35619
      2 35620
     11 35623
      1 35624
      4 35625
      8 35626
     10 35627
     20 35629
    177 35630
      4 35631
      2 35632
      2 35633
     14 35634
      6 35635
      8 35636
      2 35638
     25 35639
      1 35640
     50 35641
     10 35642
      6 35644
      6 35645
     18 35646
      4 35647
      2 35649
      2 35650
      4 35651
      4 35657
      8 35658
     12 35659
      2 35660
     10 35661
      6 35662
     28 35664
      3 35665
      6 35666
      2 35667
      1 35668
      8 35669
     10 35670
      6 35671
     14 35673
     10 35674
      6 35676
      6 35677
      8 35678
     10 35680
     16 35682
     27 35683
      6 35684
      4 35685
     12 35686
      6 35687
     18 35688
     56 35689
     10 35690
      1 35691
      6 35692
      6 35694
      8 35695
     12 35697
     32 35698
      2 35699
      6 35700
      4 35701
      2 35702
      4 35704
      8 35706
      2 35707
      2 35708
     12 35709
      4 35710
     15 35711
      6 35712
     36 35713
      4 35715
      6 35716
     12 35717
      2 35718
      4 35719
     12 35720
      8 35721
      2 35722
      4 35723
     26 35724
     20 35725
     10 35726
      4 35727
      6 35728
      2 35729
     19 35730
     10 35731
      6 35733
     10 35734
      5 35736
    105 35739
     10 35740
     26 35741
     30 35742
     14 35744
      6 35745
      3 35746
      5 35747
     12 35748
      4 35749
     14 35750
      4 35751
      2 35753
      6 35754
      2 35755
      6 35756
      4 35757
      6 35758
      6 35759
      2 35760
      4 35762
      2 35764
     22 35765
      6 35766
      2 35767
      6 35768
      2 35769
      2 35770
      4 35771
      4 35772
      6 35773
      7 35774
     10 35775
      1 35777
      4 35778
      2 35779
      6 35780
    160 35781
      2 35782
      5 35783
     38 35784
      6 35785
      4 35786
      1 35787
      2 35788
      4 35789
      2 35790
     20 35791
     24 35792
      3 35793
     36 35794
    119 35796
     26 35797
      2 35798
      7 35799
     11 35800
      4 35801
     16 35802
      4 35803
      8 35804
      3 35806
      4 35807
     10 35808
     24 35811
      4 35813
     24 35814
      4 35815
     14 35816
     10 35817
      8 35818
      2 35819
      2 35820
      5 3793
      3 4
      4 4052
      2 4157
      1 4229
      4 4270
      2 4298
      2 4344
      3 4348
      2 4448
      1 4509
      2 4518
      2 4551
      2 4580
      2 4588
      2 4609
      1 4651
      1 4922
      1 4933
      2 494
      2 4970
      2 5108
      1 5109
      6 5124
      9 5157
      4 5169
      1 5282
      6 5375
      2 5398
      2 54
      2 5427
      2 5467
      1 5564
      4 5566
      1 5797
      1 5811
      1 5848
      4 5900
      4 5973
      2 6045
      2 6093
      2 6382
      2 6555
      9 6678
      8 6720
      2 7008
      2 7009
      1 7158
      1 7168
      5 7955
     10 8042
      1 8244
      2 8290
      4 8402
      2 8420
      1 8422
      2 8451
      1 8603
      2 8692
      2 8757
      1 8892
      3 9400
      1 9418
      8 9425
     24 9543
      7 9578
      1 9713
      2 9718
      1 995
      4 9979
 193905 BS.pilon.polished.v3.ST170922
 184517 Enterococcus_faecalis_complete_genome
 194729 Escherichia_coli_chromosome
   6375 Escherichia_coli_plasmid
 149946 Lactobacillus_fermentum_complete_genome
 186878 Listeria_monocytogenes_complete_genome
 194164 Pseudomonas_aeruginosa_complete_genome
 194395 Salmonella_enterica_chromosome
   3702 Salmonella_enterica_plasmid1
 196287 Staphylococcus_aureus_chromosome
   1742 Staphylococcus_aureus_plasmid2
   2379 Staphylococcus_aureus_plasmid3
   3056 tig00000001
   2306 tig00000003
     18 tig00000004
     41 tig00000006
   1195 tig00000011
   1957 tig00000018
     29 tig00000019
   2047 tig00000023
     39 tig00000025
      7 tig00000027
   1672 tig00000031
   1219 tig00000036
     19 tig00000038
    194 tig00000042
    422 tig00000047
     28 tig00000050
   1260 tig00000051
     50 tig00000054
   1043 tig00000055
    958 tig00000063
    852 tig00000069
   1164 tig00000071
   1205 tig00000072
     20 tig00000075
     47 tig00000078
     25 tig00000079
     48 tig00000080
     19 tig00000086
     32 tig00000091
     11 tig00000093
    297 tig00000094
     30 tig00000096
    322 tig00000104
     43 tig00000105
   1139 tig00000109
     27 tig00000114
     37 tig00000123
    179 tig00000125
    361 tig00000128
     66 tig00000132
     26 tig00000134
   2078 tig00000136
    337 tig00000139
    395 tig00000140
    161 tig00000161
    259 tig00000163
     28 tig00000172
     19 tig00000304
    704 tig00000306
     27 tig00000307
   1299 tig00000308
